20
50,44 95
200
67,53 7,19 49,37 37,-7 51,36 63,1 71,48 13,-19 21,-10 11,39 80,49 37,55 -7,41 58,53 50,16 -5,37 47,18 53,-16 68,29 8,52 -6,26 69,16 59,-22 -8,5 6,-13 79,54 5,31 32,9 -12,-17 42,20 -7,46 -12,35 74,48 72,-34 45,62 -11,6 65,40 33,-9 76,35 11,10 25,53 -16,-35 -4,-31 46,-24 16,-25 59,15 3,54 4,-6 36,16 -6,24 48,3 41,-18 54,20 -9,11 -2,-13 12,12 47,9 -4,41 -5,-32 20,-7 37,29 21,-2 -6,37 31,-25 68,52 -3,11 17,3 24,27 61,6 -9,-27 33,1 58,-34 10,33 43,-21 65,10 54,-1 42,49 1,7 38,18 4,-31 -6,48 44,46 77,44 20,3 78,-16 62,-35 9,-4 -11,10 -13,50 62,62 60,-25 57,-29 -1,-30 43,-31 75,-23 55,63 43,48 22,-5 15,6 4,-28 27,-16 61,44 -3,19 21,63 65,13 29,-12 -4,56 3,-21 54,39 51,-1 61,-7 69,15 41,58 20,25 37,57 14,32 66,-11 -19,10 46,55 36,-13 -5,-14 44,12 41,52 72,-18 51,-5 40,13 30,-16 3,-31 38,45 -14,47 39,-12 72,53 25,35 9,-14 59,-13 14,37 23,14 33,45 -11,28 -10,-16 69,-31 4,-20 23,-1 7,30 4,13 58,-16 -7,10 -12,-3 20,14 -10,2 66,-14 26,48 17,47 13,-5 12,-27 35,-18 -4,3 -9,46 79,35 -17,-16 6,-5 70,-35 55,31 41,10 44,28 24,30 -7,63 11,-9 -3,0 55,8 -9,48 34,-32 48,-28 4,57 -9,-4 45,11 30,-17 36,60 58,-28 28,10 5,56 62,4 12,-8 -11,-18 -15,-24 -6,23 78,22 4,-23 79,26 -4,49 80,21 25,64 -17,34 65,-24 21,46 74,-24 44,-27 11,1 32,-3 33,22
-75,45 177
200
-79,6 0,-14 -73,34 -12,44 -95,18 -82,41 -45,20 -43,30 -80,50 -64,15 -87,-20 -60,41 -94,-31 -72,45 -25,18 -23,-28 -72,-4 -17,-17 -6,-16 -73,-42 -8,23 -57,-12 -3,45 -25,43 -15,48 -56,25 -7,-9 -41,10 -91,54 -30,20 -42,-42 3,13 1,-35 -7,-37 -11,-37 -88,7 -9,18 -31,8 -60,-29 1,-16 -17,55 -50,49 2,23 -66,12 -2,7 -38,37 -9,54 -60,25 -5,-33 -34,-14 -88,-34 -62,-11 -37,-7 -28,-14 -60,-40 -41,26 -27,5 -26,-44 -18,36 -32,33 -80,-22 -66,15 -64,29 -74,-36 -3,36 -38,28 -78,-44 -42,19 -93,-32 -7,32 -46,-10 -91,-34 -60,-35 -35,21 -58,47 4,24 -31,20 -89,10 -74,-15 -19,4 -60,15 -56,40 -89,-15 -71,-19 -84,-22 -68,-29 -15,12 -28,-33 -89,-13 -66,39 -41,41 -42,12 -80,7 -69,-40 -42,36 -6,4 -55,-6 -25,49 -53,39 -21,-30 -14,-14 -42,-16 -6,53 -63,3 -58,-20 -23,12 -12,29 -16,3 -18,28 -76,-10 -36,34 -83,-38 -78,-11 -35,44 -90,48 -41,-32 -68,31 -4,34 -69,48 -10,-34 -72,5 -62,-5 -93,17 -30,46 -32,35 -42,-2 -51,-31 -8,-24 -42,50 -85,-42 -22,46 -38,-15 -65,-43 -56,-30 -91,34 -55,17 -45,19 -1,-3 -69,27 -78,13 -46,-29 -39,23 -37,-20 -80,-27 -29,28 -71,46 -70,-29 -66,-18 -90,-29 -5,51 -52,-4 0,13 -50,24 -45,24 -69,53 -18,6 -3,-34 2,52 -39,53 -45,2 -31,27 -31,15 -39,7 -83,45 -43,0 -18,-4 -47,19 1,-11 -56,29 -16,-10 -79,-9 -67,6 -39,-20 -51,-13 -66,-5 -86,49 -30,50 -10,-5 -94,28 -57,-40 -12,28 -19,-30 -53,41 -91,46 -66,-28 -6,25 -30,-7 -11,-38 -88,15 -36,30 -92,42 -48,48 -53,-22 -21,6 -74,-37 -71,31 -3,6 -14,-26 -57,53 -72,50
30,64 137
200
-38,-2 -15,69 -9,11 -38,84 7,68 -39,10 -51,4 -53,59 -47,70 -7,86 6,-4 -28,-4 28,92 -2,47 -54,74 16,39 -46,10 -22,51 -32,85 23,59 4,70 -51,81 33,63 -15,79 -23,-3 -21,9 -35,88 17,81 21,52 5,1 14,33 3,64 3,26 40,90 17,-5 20,1 -33,80 23,52 -45,15 22,16 -56,36 -37,85 27,20 -56,69 -13,-5 -47,80 -55,34 41,66 -54,89 8,74 -6,32 -19,-3 14,93 -11,25 -38,6 -23,53 -16,47 -52,45 13,52 -42,9 4,69 0,58 -6,3 12,5 -40,29 -28,22 -10,23 27,75 -33,58 24,-2 21,88 30,57 -16,34 11,24 32,15 -43,66 -8,88 -21,-3 -32,31 13,11 7,2 21,78 0,75 -18,31 -55,0 -1,87 -13,55 29,-3 25,88 -35,28 -13,11 -41,-1 -28,39 40,51 -7,67 18,86 -11,59 -2,88 -27,20 16,28 -2,83 31,20 35,93 -53,34 -39,16 14,67 -55,8 -58,90 -48,40 -8,1 40,36 -9,58 25,43 22,78 -36,62 28,25 -48,62 -55,79 2,84 -54,71 36,79 -30,34 9,30 -35,5 -16,90 -57,-4 -49,77 -42,23 2,36 -43,89 10,42 -39,46 28,9 6,61 29,69 -3,47 -8,36 -15,11 2,65 -15,15 -3,77 32,31 -18,92 -55,53 -56,15 15,36 28,2 -38,75 -7,31 34,21 23,54 -19,8 -38,11 -13,36 19,76 24,37 -20,-1 26,71 -46,38 37,90 -55,12 -27,64 9,12 33,16 -34,4 -33,-5 34,47 -33,25 14,62 -46,39 -45,59 -33,55 -45,56 29,51 35,72 27,81 34,-2 -32,93 -2,86 39,84 0,10 -45,55 4,65 1,70 -17,-4 17,30 -10,2 -31,9 -25,59 -56,9 -9,39 -31,42 17,77 -55,80 -1,28 -38,42 14,29 9,65 -49,15 3,84
35,-42 103
200
-2,-78 -9,-12 38,-6 63,-71 27,-63 36,-18 57,-66 12,-40 1,-43 19,-72 -6,-55 54,-19 9,19 43,-40 -1,-53 32,3 48,-27 12,-75 37,-23 20,-26 -12,-23 -21,-11 -13,-28 -25,-31 65,-75 -4,-32 0,-27 -10,16 9,-31 41,-4 42,-51 49,-8 31,-69 -26,-57 8,-68 49,-52 -1,9 13,-65 -11,15 71,-17 -22,0 15,1 22,-44 -5,-71 -14,-62 -24,-9 9,8 2,-5 -22,-40 -22,-48 57,-65 32,-53 45,-25 43,-71 56,-7 63,1 71,-76 40,-56 31,-60 38,-27 35,-37 29,-43 72,-74 22,-72 20,6 11,-51 13,19 31,15 -19,-45 8,-32 23,-80 -19,5 34,-60 2,-75 29,-75 50,-79 39,17 35,-63 9,-5 57,11 31,-26 -12,-48 43,-44 54,-13 39,-19 70,5 50,-56 2,-51 60,-5 57,-2 48,1 -16,-7 -12,3 68,-1 -3,-10 11,-50 39,-72 34,16 -8,-53 49,8 66,-57 -21,-5 -9,4 49,-37 19,-20 9,-53 46,4 -24,5 6,-13 -26,-20 53,-62 8,8 53,18 53,-67 26,16 57,-4 32,-37 64,-62 63,-72 48,-38 21,-5 6,-63 70,-4 -8,-47 15,-75 -26,-47 10,-68 -20,-35 -17,-74 -8,-42 60,-61 47,-10 5,-6 -18,-7 65,-61 61,-8 55,-35 59,15 53,-45 51,-26 -22,2 -8,-18 69,-46 -15,16 36,10 -20,-78 -21,19 44,-58 36,-27 67,-69 57,14 69,-49 12,-12 -2,-60 -17,-59 67,-64 11,0 45,-42 -12,-71 25,-75 14,-44 54,-1 10,-62 56,19 -17,-38 64,-66 34,-16 -26,17 9,-36 -5,19 10,-71 6,-40 14,-36 39,-2 54,18 45,13 -10,-5 -11,0 69,-56 36,-66 -19,-60 27,-67 -23,-18 -2,5 34,-57 58,-43 0,-37 34,-54 -22,8 65,-56 -17,-16 5,-16 49,-18 -4,-15 35,6 -25,-14 37,-65 -16,-64 39,-53 2,-16
-22,-64 109
200
-7,-51 -19,-86 -50,-2 -66,-9 -37,-38 -85,-77 -60,-54 -79,-74 -52,-2 2,-48 -43,-21 -78,-41 -16,-3 -60,-44 -57,-20 -83,-87 -81,-45 -10,-36 -15,-16 -6,-21 -87,-46 -47,-94 -10,-45 -30,1 -79,-8 -24,-76 -17,-37 -42,-47 -66,-70 -68,-23 -54,-61 -35,-85 -78,-80 1,-43 -54,-80 -68,-16 -66,-47 -28,-47 -6,-1 -49,-1 -36,-51 -67,2 -76,-53 -67,-1 -3,-90 2,-44 -30,-3 -41,-94 -56,0 -41,-25 -1,4 -5,-53 -38,-63 -50,-54 -85,-65 -46,-1 -45,-59 -84,-11 -31,-19 -29,-61 -42,-6 -16,-56 -19,-50 -41,-46 -76,-8 -12,-38 -5,-26 -41,-48 -25,-49 -27,-61 -72,-33 -85,-43 -84,-95 -55,-68 -35,-32 -7,4 -70,-34 -39,-88 -41,-65 -76,-5 -71,-58 -28,-88 -17,-47 -59,-6 -40,-12 -79,-26 -14,-18 -85,-44 -37,-48 -80,-46 -43,-70 -56,-50 -5,-88 3,-61 -87,-10 0,-42 -22,-92 -9,-78 -16,-90 -75,-33 -4,-68 -91,-89 -8,-48 -48,-73 -9,-20 -39,-64 -44,1 -57,-61 -40,-61 -34,-28 -38,-87 4,-35 -43,-68 -64,-80 -81,-25 -1,-42 -43,-3 -88,-67 -45,-81 -60,-26 -38,-34 -45,-13 -37,-50 -60,-64 -60,-4 2,-66 -50,-50 -3,-51 -26,-61 -36,-12 -59,-88 -83,-45 -58,-33 -40,-79 -48,-31 -40,-1 -65,-4 -12,-50 -27,-57 -48,-11 -39,-67 6,-68 -82,-52 -21,-73 -61,-86 6,-48 7,-35 -81,-14 -25,-92 -77,-52 -75,-50 -64,-18 -31,-47 -52,-58 -18,-57 -78,-64 4,-94 -76,-9 -92,-93 -71,-21 2,-82 0,-83 -9,-80 -48,-32 -66,-37 -31,-20 -85,-74 -19,-30 -92,-8 -87,-41 -50,-66 -91,-54 -19,-2 -39,0 -42,-41 -79,-15 -64,-1 -11,1 -69,-68 -6,-93 -5,-65 -14,-62 -35,-13 -85,-29 -12,-32 3,-55 -83,-63 -50,-41 -18,-83 -90,-26 -64,-36 -20,-91 -68,-32 -42,-88 -27,-41 -52,-46 -76,-77 -7,-53 -2,-9 -18,-3
34,39 144
200
3,44 25,-37 28,30 5,9 22,27 72,23 47,-38 43,50 84,46 91,12 38,42 12,30 34,-22 -5,53 11,27 56,-19 1,-15 80,-30 62,43 27,52 56,16 94,-6 42,23 79,56 0,8 81,-39 22,21 88,22 29,7 38,33 76,-7 56,30 75,-34 -5,-4 91,-6 -2,17 22,-37 41,21 87,-17 89,-15 13,2 30,-27 24,39 29,-20 55,45 9,51 65,22 92,31 -4,-7 21,13 89,-4 5,31 46,-37 65,51 58,49 59,6 91,-18 31,-37 35,-24 28,7 47,-12 60,23 29,20 51,37 88,-19 -5,-24 82,35 60,5 42,44 50,-28 27,32 87,27 89,-1 51,-34 92,42 88,31 39,36 77,-8 84,-29 12,24 21,54 93,10 30,-13 48,-22 94,-2 90,49 44,-21 10,-39 51,-35 6,50 74,28 32,53 35,47 93,19 46,-10 66,-5 73,30 61,49 4,25 17,-16 39,32 39,26 15,16 -5,21 53,41 23,-7 16,32 42,-20 64,49 21,-25 93,53 92,47 12,-21 41,-30 -2,-21 24,25 20,-12 94,19 88,-11 89,23 24,-36 28,21 20,-19 -3,-10 55,22 67,34 14,37 1,-36 18,-1 11,34 69,-31 24,40 82,50 56,-17 3,42 56,46 81,-41 93,24 53,3 21,42 56,14 72,32 70,19 15,42 -3,39 -1,49 26,-3 68,-29 -3,-32 67,-33 3,9 53,27 53,40 64,42 17,32 44,-10 80,20 10,-40 8,-8 17,19 57,-17 10,50 80,-5 25,-13 14,3 4,26 35,22 16,9 40,-7 63,42 44,26 38,36 52,33 21,5 48,14 70,-41 26,-35 94,-41 59,9 65,14 66,-33 10,40 47,-20 44,-41 69,-2 44,9 71,-5 94,-30 86,-34 68,-3 16,25 9,18 70,-21 24,-21 42,11 17,27 43,24 72,-27 51,57 22,6
55,10 107
200
53,6 1,-28 9,59 53,25 14,5 28,-37 -2,16 -21,31 44,13 56,-13 13,53 37,59 15,57 8,-32 61,-18 2,-15 34,-9 64,32 1,-17 41,47 -6,17 47,-30 37,30 55,-34 41,-25 13,-8 -11,4 15,58 -20,-37 -18,33 48,27 -19,10 -8,48 45,-20 13,54 66,51 72,25 33,-7 73,-4 0,12 -16,-12 50,-22 73,40 71,-21 -19,31 -5,-20 32,56 -23,19 29,-18 39,-21 3,21 21,59 14,53 8,14 20,31 60,57 14,11 13,51 26,-8 23,-27 3,-9 2,-32 -21,-31 22,37 68,46 -3,30 12,54 40,5 6,-24 30,26 -5,40 -7,12 71,20 -10,-31 76,40 41,59 64,26 46,-31 58,-28 40,-20 -9,23 6,-19 49,40 1,47 -14,-8 13,-11 53,-16 20,45 33,-33 20,-30 -19,24 18,39 -19,7 62,14 6,-8 12,-34 50,-28 24,7 -11,44 62,59 -8,25 -3,-4 -23,-36 50,33 14,25 11,5 13,46 -21,-16 75,39 47,5 44,46 -10,52 4,42 -2,-22 63,8 -7,-23 33,59 -6,59 58,-10 -14,36 -23,9 0,-13 39,-11 20,-29 -20,13 45,12 36,7 76,-38 11,-26 34,6 -3,3 8,11 18,-6 -4,-39 -14,-2 -13,46 13,-26 -18,-8 20,-17 0,23 34,30 1,16 6,-15 7,-1 -14,-18 41,-31 73,45 69,60 16,-12 11,30 48,4 51,21 48,39 -11,7 9,13 30,0 -7,-33 21,-8 -17,-12 60,-26 23,54 -6,57 54,-5 19,-7 42,27 53,-2 12,51 12,19 31,59 -7,-20 51,-11 74,10 -16,19 -12,-37 -10,-37 8,-10 -15,14 36,-13 -15,-39 -5,52 34,36 -19,-32 26,-23 27,57 -18,-26 9,-11 -17,57 63,21 55,40 -14,37 6,-3 -6,44 25,-11 23,59 26,-1 59,14 -13,53 23,-19 72,32 36,-38
-46,-31 125
200
-7,4 11,-58 -32,-63 -68,-42 -23,-22 -13,-62 -36,-16 -5,-3 -15,-80 -48,-24 6,-10 -41,-64 19,-58 -25,-74 -42,-74 24,-68 -19,-14 19,-51 -1,-52 13,-79 2,-25 20,-61 -13,-31 7,-17 -5,-74 -23,-15 -17,-62 0,-24 -21,-81 -23,-29 -74,3 -19,0 -43,-72 -10,3 -57,-2 -20,-60 -74,-56 -72,-8 -54,-65 -35,-72 -31,-44 13,-54 -74,-75 -60,-54 -48,-13 3,-46 11,-87 -13,-76 6,-25 -36,-24 20,-34 11,-9 -71,-28 -31,-30 8,-24 -51,10 -27,-86 -52,-52 -60,-57 -32,-24 -8,-18 -62,-35 -44,-10 -28,-54 -72,-86 -12,-34 -29,-49 23,-47 24,-45 -34,-50 -64,-37 22,-33 -46,-49 -26,-86 -24,-58 -60,-81 -5,-67 -49,-23 13,-35 -60,-47 -50,7 -17,-84 -39,-75 -45,-40 -50,-42 17,-48 -43,-86 -36,-56 -24,-77 -28,-55 -61,11 -65,-17 -53,-85 -25,6 -73,-76 16,-87 17,-73 14,-36 -36,-69 -69,-57 -34,-40 3,-38 -39,-56 -37,-61 -60,-48 -74,-35 1,-53 16,-2 -17,-54 11,-78 -1,-71 -47,-83 -26,-62 -39,-78 -38,-83 -61,-38 -55,-32 -9,-51 -51,-1 -38,-55 -35,-30 -32,-25 12,-20 -35,-11 -66,-78 19,-25 13,-9 -74,-66 11,-81 -50,-4 -15,-74 5,-8 -20,-51 -40,-75 -14,-15 -12,4 -37,-69 -62,6 -55,-30 -9,-41 -45,-81 -41,-19 -61,-46 22,-57 16,-19 -6,-82 -18,0 -49,-85 -41,-81 -46,9 2,-26 -43,-40 4,-10 15,-83 -32,-2 -43,7 -47,-60 -2,-9 -35,-17 -27,-28 -68,-75 3,-74 -41,-73 -48,-39 -37,4 -33,-56 21,-69 -20,-44 -65,-5 1,-76 -12,-35 3,-86 -67,-63 13,-72 -20,-74 -48,-49 -58,-9 6,-30 15,-65 -39,10 -70,-21 -28,-76 -34,-83 -31,-37 -62,-4 -33,8 -64,-78 -30,-64 -33,10 -20,-57 -68,-22 -25,-2 -32,-40 -41,-40 16,-81 -48,-65 10,-8 -14,-74 -73,-32 -43,-78
-42,-5 118
200
-41,55 -16,24 -50,-6 4,11 -89,42 -55,9 -30,39 -43,39 -5,26 -86,42 -54,-8 -75,62 -39,25 -43,-21 -41,52 -16,2 6,41 -4,0 -26,-8 -21,28 -69,-2 -59,44 -12,30 -82,57 -16,11 3,-35 -90,25 -92,-10 -81,-24 4,60 -5,21 -26,8 -78,14 -75,55 -77,-29 -46,-16 -27,-6 -25,64 -52,44 -11,38 -16,41 -14,-21 -41,28 -10,33 -45,58 -48,24 -28,34 -3,54 -29,37 -31,33 -42,54 -73,28 -52,50 -67,-15 -27,2 -51,59 -88,11 -32,-10 -29,0 -77,39 -77,53 -80,12 -18,35 -90,-1 -68,44 -21,47 -31,-33 -33,25 -55,36 -55,20 -23,13 -55,-23 -80,-30 -50,32 -86,53 -87,3 -20,-26 -48,-25 -7,-26 -21,21 -67,40 1,11 -68,32 -64,14 -11,-17 -23,-30 -83,6 -13,-28 -26,-21 -59,-25 -32,-13 -51,-14 -88,4 4,62 -73,-24 -64,35 -92,21 -87,48 -1,50 -36,-8 -30,-15 -70,-26 -33,3 1,-12 -14,45 -33,61 -15,53 -16,49 -79,36 -49,-30 -27,-24 -18,7 -5,-20 -44,-17 -54,32 -45,43 -17,5 -20,35 -71,48 -87,62 -17,11 -3,14 -89,2 -78,-1 -92,25 -25,-34 -76,-3 -71,53 -25,31 -42,45 -25,52 -6,62 -17,-15 -36,30 -22,39 -1,57 -13,-15 -28,17 -6,-29 -34,9 -8,10 -8,21 -65,54 -65,23 -88,-9 4,-28 -36,-3 -26,64 -56,-26 -17,58 -79,-8 -66,46 -45,50 -17,10 -61,52 -55,34 -37,58 -62,55 -72,16 -17,54 -80,29 -4,21 -58,62 -62,3 -51,23 -38,-35 -3,-16 -84,-11 -15,64 -35,25 -72,21 0,30 -32,-28 -86,58 -77,52 -89,-6 -34,-8 -70,-4 -58,12 -53,37 -83,60 -34,-30 -70,51 -18,-35 -62,-13 -85,27 -38,24 -60,49 -39,21 -60,-20 -65,8 -7,28 -63,32 -88,38 -10,-1 -48,51 -17,-21 -56,19 -53,25 -70,-30
23,34 78
200
10,32 -3,26 16,17 45,71 53,-12 26,38 84,9 25,19 61,-21 26,-19 21,-10 10,51 46,49 24,72 76,25 60,58 48,13 91,-13 83,68 73,34 51,-20 93,58 37,15 48,-6 83,16 75,18 74,70 76,16 9,25 7,50 44,45 33,-12 55,72 51,76 15,70 25,14 64,56 82,8 7,-8 49,10 6,50 29,45 82,-4 7,25 86,17 59,39 33,45 78,-19 67,45 79,-8 74,-13 51,2 8,53 40,-21 5,13 16,46 13,-11 44,-5 93,9 34,41 -1,-17 70,-21 93,61 74,42 6,72 65,11 27,3 74,20 57,12 3,-21 38,71 80,45 88,68 25,-13 33,59 36,59 74,57 27,-11 5,42 64,-13 29,39 63,69 1,-7 77,42 55,-18 56,-22 -1,-9 20,45 23,-19 80,-10 39,40 87,19 28,-6 26,65 79,17 40,0 70,67 64,33 41,63 55,43 94,41 87,62 42,35 49,52 17,31 1,19 8,3 3,-12 44,48 72,43 62,51 7,-12 43,37 76,49 35,24 70,24 62,19 37,62 69,15 30,41 31,-22 96,-3 60,4 44,4 90,50 93,15 44,33 87,9 4,62 31,37 56,40 45,66 37,34 47,43 90,16 15,11 62,23 53,41 91,-16 38,16 67,67 88,56 81,37 75,35 21,-19 19,24 67,5 53,54 -2,-10 89,31 6,-8 48,59 25,27 83,14 72,5 87,3 1,20 64,-12 41,41 74,72 77,3 66,35 0,-4 86,59 81,73 14,-3 43,71 81,-22 58,39 68,63 22,-3 27,-9 43,-10 90,76 69,68 24,51 76,55 18,62 17,59 63,37 12,73 41,7 59,33 81,28 40,12 70,43 85,31 53,7 36,34 45,32 88,-19 55,25 73,18 -1,9 88,5 40,64 65,48 0,49 43,65 4,33
24,34 76
200
-22,11 -6,-43 0,-21 -17,-6 -42,34 11,8 7,20 -27,5 -42,-44 -48,42 11,-15 23,-3 -2,-40 -17,-11 24,-27 -13,-19 1,-26 20,-44 -47,-23 -38,-45 -1,34 16,-41 31,34 -9,39 -32,16 14,31 -35,-3 -55,-4 -56,14 -5,42 -47,16 -41,-46 -31,3 -45,-51 -14,-8 0,-36 -23,17 30,-43 -1,44 -32,31 38,35 -42,-28 -23,-3 -21,13 -12,-37 24,-5 -19,47 -28,35 5,-3 17,6 -26,23 23,-12 -7,-8 22,-17 -29,45 25,17 -52,-14 20,15 -31,-8 -21,25 -11,45 -3,47 5,-26 23,-46 -57,33 -31,-27 31,32 -39,44 8,-26 32,26 23,19 26,-15 6,-14 23,-28 41,23 14,-4 22,-45 -53,-35 33,13 -36,-38 -42,-22 18,11 22,47 -21,-28 -12,6 -20,-23 -22,-37 -58,-47 12,13 3,2 5,-31 -14,26 -36,29 -5,-36 -53,-29 -48,-34 15,12 12,3 -1,-26 40,10 -37,13 30,30 -46,36 -10,14 -41,33 -36,-45 -19,-31 18,-33 -14,-31 -48,-16 -32,9 -45,7 3,-28 40,-2 13,40 38,21 -36,5 21,-40 -14,21 -22,-19 -4,4 -29,-27 13,33 -24,44 -22,12 20,-36 4,35 -42,32 16,-48 -47,-4 35,9 -7,45 -54,-14 -33,24 8,28 -41,-15 11,-44 -3,-17 -43,47 -40,5 -55,12 28,-14 19,-36 -23,-12 -32,30 -15,20 27,-26 0,33 26,-28 -44,13 16,11 -16,-42 -4,23 -39,33 -45,-40 -19,17 14,12 29,-15 -22,-29 4,24 9,-28 -12,5 -6,2 30,2 -28,46 -14,-29 16,21 -24,26 -20,9 -10,-3 23,2 27,3 14,-9 -11,-32 -35,-22 18,1 22,2 37,-7 -22,-52 -54,36 -10,-52 -18,41 -55,5 22,-14 24,-31 1,-10 -48,9 38,28 22,-46 -4,-22 -24,24 -34,12 -44,-9 -10,22 18,45 -40,14 14,-13 -49,17 -22,-4 -31,-32
55,8 144
200
54,18 72,22 -5,18 28,34 79,41 75,43 82,25 62,25 66,77 1,81 61,51 -3,41 -5,78 68,8 80,80 79,22 79,3 2,51 20,29 64,33 85,4 80,66 57,85 37,35 3,-6 71,85 52,67 43,57 79,15 58,78 40,64 36,-5 56,-8 66,71 49,69 42,3 5,1 -4,64 -1,23 27,65 27,84 45,45 16,37 32,10 7,28 18,11 25,59 0,21 64,48 71,5 5,15 76,0 -5,35 20,24 85,12 8,80 3,54 75,9 5,46 76,48 55,52 61,8 9,20 72,72 11,44 5,4 10,82 3,57 79,45 65,38 40,10 64,62 33,59 83,52 94,35 90,52 35,49 46,57 82,12 89,-3 16,27 28,-11 8,48 65,57 76,17 46,40 37,43 -5,72 9,12 64,7 15,-2 13,13 34,-1 90,33 18,63 0,70 73,62 73,12 13,43 56,79 28,65 26,58 84,86 89,41 20,11 1,28 22,67 4,4 75,14 86,7 80,46 71,74 0,86 42,8 80,-11 58,22 -2,57 44,0 47,84 68,54 85,39 78,43 6,32 2,68 44,7 6,40 72,8 2,78 11,57 74,65 92,9 72,66 54,32 72,51 -5,57 8,35 87,33 21,81 22,10 91,24 58,13 15,80 53,43 51,57 31,1 -4,34 80,48 77,1 61,17 80,73 8,-9 6,2 74,51 21,44 87,1 26,57 45,48 55,49 41,45 62,18 92,65 2,-11 80,22 30,4 28,12 51,-13 56,-2 38,22 26,70 85,67 38,33 65,28 53,36 15,50 33,76 55,45 87,48 30,-11 22,68 72,3 76,3 27,73 26,72 28,31 67,84 27,49 74,67 60,72 84,28 66,54 62,34 80,-10 85,49 49,82 13,10 25,-13 5,32 2,20 60,74 64,70
61,10 145
200
-6,46 73,-36 8,2 85,43 -5,18 43,44 32,-6 53,3 65,-29 64,18 2,5 82,-33 62,19 6,36 11,-2 3,35 37,41 73,-3 -8,20 48,60 -3,31 27,22 56,29 85,59 55,-27 55,13 27,15 2,-15 81,6 29,28 13,22 88,31 58,1 86,21 11,-18 71,-34 17,56 7,37 54,59 68,12 2,-21 29,35 -6,59 35,28 82,-32 4,-34 18,51 46,-7 17,33 -7,28 9,51 88,35 77,50 -7,-21 46,57 70,15 78,-18 20,35 11,8 19,43 -3,10 66,26 27,2 84,-28 76,47 44,-10 26,-6 24,36 15,57 -3,-36 33,-10 84,63 73,38 -4,21 70,-1 -1,42 10,47 -7,23 37,-18 1,-36 35,-6 44,22 -7,-19 47,41 82,48 -4,23 27,40 53,-14 -6,-30 86,-14 16,-30 7,23 90,26 -7,6 1,31 47,-5 41,-19 -9,39 58,48 80,25 7,53 29,37 12,59 1,33 45,8 -3,5 75,32 31,15 70,49 -9,-24 66,-24 87,24 88,11 76,-29 9,38 22,10 19,-21 50,-31 21,-14 -6,18 82,35 84,18 75,47 80,32 27,56 57,-12 3,-3 69,-27 29,39 28,24 79,-4 38,18 64,14 85,52 20,11 76,-8 32,12 49,-17 52,5 88,57 66,56 68,-13 34,-23 10,11 47,8 28,-22 30,-18 32,33 89,5 14,62 56,55 2,16 51,30 83,35 35,-10 71,59 46,-23 44,5 78,-24 32,-32 25,40 79,20 26,-1 17,19 28,23 60,27 -8,48 36,38 3,26 55,52 71,31 90,-18 46,0 -3,-1 52,-28 -1,-33 45,11 78,35 6,3 53,54 87,-24 75,61 90,-11 -8,12 86,15 70,21 -3,34 -4,52 6,19 30,51 84,5 51,-2 4,-10 18,48 50,46 -7,35 -6,-12 13,60 25,-8 72,11
-51,-3 139
200
-57,1 5,-68 -61,-64 -14,-72 -54,-25 -24,-90 -64,-71 -20,-61 -69,-63 -20,-79 -69,-53 -73,-42 2,-81 -53,-63 -10,-11 -68,2 -62,-77 8,-19 -31,-3 8,-51 -22,-7 -85,-26 -56,4 -75,-81 -78,-22 -41,-68 -65,-35 -62,-81 -51,-9 -23,-26 7,-55 -78,2 9,-59 -46,-20 -73,-83 -29,-27 -50,-90 -76,-3 -55,-74 -71,-28 -7,-12 -20,-8 -84,-33 -40,-3 -65,1 -52,-32 -5,-33 -48,-61 -46,-94 -33,-61 -60,-37 -51,-41 -80,-72 -7,-16 -67,4 -39,-60 -30,-72 -10,-26 -25,-3 5,-14 -72,-12 -27,-79 -54,-59 -12,-84 -67,-55 2,-19 -56,-14 -25,-16 -69,-54 -58,-92 -58,-76 -15,-79 -90,-17 -52,-48 -29,-71 -8,-77 -78,-53 -58,-27 -71,-71 -48,-87 -67,3 -44,-1 -12,-30 2,-44 7,-10 -24,-65 -42,-85 -71,-35 -83,-69 -46,-38 -16,-91 -82,-25 -74,-34 -89,-59 -32,-78 -3,-66 -88,-68 -15,-18 1,-53 4,-23 -14,-27 -67,-21 -27,-26 9,-83 -13,-33 -5,-9 -29,-47 -33,-39 -19,-89 -39,-16 -83,-82 -37,-91 9,-32 -1,-91 -76,-52 -13,-62 -89,-69 -70,-79 -23,-94 -32,-47 -56,-77 -9,-92 -27,-9 -43,-85 -7,-70 -70,-13 -53,-38 -48,4 -20,-86 -36,-76 -21,-57 6,-57 -86,-89 -30,-84 -29,-29 -62,-29 3,-30 -81,-41 -21,-65 -21,-78 -38,-51 8,-1 -24,-91 -73,-90 -35,-42 -55,-70 -86,-1 -17,0 -57,-61 -1,-56 -24,-12 8,-18 -4,-85 -26,-83 -38,-74 -71,-24 -19,-16 -80,-64 -67,-12 -86,-9 -3,-81 -61,-95 -82,-47 -61,-53 -38,-57 -13,-24 -13,-92 -35,1 -64,-34 -22,-43 -10,-27 -65,-27 3,-36 -54,-17 -40,-26 -63,-56 -84,-41 0,-7 7,-94 -4,-59 -43,-67 -41,-87 -89,-47 -3,-20 -88,-85 -11,-18 -64,-36 -89,-16 -35,-19 4,-28 -21,-91 -81,-26 -23,-12 -34,-76 -27,-49 -53,-62 -79,-20 -26,-22 -1,-33 -67,-18
20,-51 113
200
11,-95 -9,-26 20,-87 11,-47 65,-5 55,-52 -14,-24 -4,-67 -12,-40 25,-55 -3,-39 6,-14 36,-36 -15,-19 42,-37 45,-35 40,-1 40,-71 62,-33 14,-96 28,-98 19,-60 -30,-69 -23,-48 25,-91 -9,-45 8,-89 32,-61 45,-42 -31,-21 11,-41 23,-69 64,-57 -19,-47 52,-97 54,-57 23,-71 4,-60 0,-58 5,-66 16,-77 42,-18 23,-40 -33,-66 21,-66 44,-55 7,-62 -19,-86 -22,-61 -33,-37 19,-88 55,-29 -24,-80 -8,-64 23,-7 30,-36 50,-30 -26,-54 23,-15 17,-49 17,-54 19,-21 17,-95 39,-11 44,-31 46,-54 -19,-15 52,-72 -10,-17 55,-69 49,-19 -1,-16 17,-51 42,-50 61,-4 51,-46 24,-25 42,-93 5,-41 35,-38 3,-16 30,-99 55,-97 -8,-58 -11,-88 38,-83 34,-80 -14,-50 -3,-5 -3,-38 -9,-44 7,-67 61,-17 4,-33 12,-90 -12,-9 42,-43 7,-96 13,-61 12,-38 60,-84 1,-89 7,-71 3,-73 50,-20 49,-64 29,-10 28,-63 10,-14 1,-80 -26,-94 -26,-19 58,-34 63,-34 65,-8 23,-79 30,-1 -1,-78 41,-10 34,-12 50,-23 45,-4 61,-70 -23,-2 2,-78 -5,-93 16,-3 56,-92 41,-78 -18,-24 53,-51 -6,-22 -31,-22 50,-66 36,-5 30,-32 54,-80 -28,-97 -4,-52 20,-15 44,-34 36,-88 41,-52 39,-16 -1,-42 -11,-10 24,-27 -15,-86 -1,-75 52,-77 -22,-83 56,-31 33,-16 20,-39 -29,-54 -3,-65 41,-80 54,-34 -22,-12 56,-19 22,-68 -4,-10 -30,-51 -5,-94 -9,-29 27,-78 36,-15 48,-96 59,-64 -2,-49 29,-1 36,-26 29,-33 29,-26 17,-82 41,-95 29,-39 64,-53 29,-88 1,-49 42,-66 -25,-20 -23,-70 -8,-59 58,-96 54,-56 30,-15 -21,-68 -6,-17 -10,-4 -3,-99 -27,-84 -27,-93 66,-81 15,-98 -26,-88 38,-40 54,-50 -21,-19 7,-30
25,40 114
200
-40,47 -18,-42 -23,12 54,4 -39,-34 44,52 6,-44 -6,39 44,20 37,-5 -43,-43 22,12 -30,4 5,46 -25,52 -2,46 5,8 46,-41 19,-44 52,-20 -17,50 49,27 -5,6 21,10 37,-14 37,0 50,25 -3,-46 16,37 -8,-46 -2,21 34,21 -10,-47 -1,27 27,10 2,-41 -9,-30 -5,-38 13,35 -1,29 7,-47 28,-15 53,-42 -17,-27 -21,50 56,29 -36,46 51,35 4,-35 -43,52 -19,45 -11,-17 -30,-13 23,4 17,36 -11,-16 15,-12 35,33 27,-36 -33,18 9,-45 27,-33 12,43 26,47 43,-18 -28,45 30,-21 39,13 4,50 38,18 -7,11 49,-27 29,-10 -4,-33 35,-22 4,5 17,-16 42,-38 18,-12 0,6 26,15 -5,-46 -43,31 13,-11 -13,-30 18,-9 7,31 20,-18 5,-37 -8,34 45,-32 -21,52 3,5 -9,-11 -26,-11 -13,9 -22,45 0,-37 -42,6 -37,32 17,48 16,-39 41,45 -34,35 17,-29 29,4 14,-18 -2,19 31,51 13,1 37,8 34,-36 16,34 23,-12 54,-37 28,35 -28,14 -17,-4 -5,-36 -37,19 -33,30 18,-8 -39,41 46,13 49,50 38,-46 10,-28 -8,17 36,-38 51,-17 46,-20 41,-3 47,17 -26,5 1,-14 -31,-36 11,16 7,1 -16,12 -14,20 29,36 24,-10 55,-37 -5,-32 -8,-40 -16,21 -20,44 0,34 -43,24 49,-3 -18,-36 -34,42 28,-27 -6,1 -38,46 5,-7 25,23 8,1 54,-20 36,13 -40,-16 -3,45 33,-18 5,-38 18,15 -20,-16 19,-14 -15,36 -23,-16 -25,-42 7,36 2,-6 -11,13 -15,19 20,0 23,-34 14,25 1,-18 -14,-42 39,-16 14,-39 -7,36 51,-35 51,-42 -38,-19 -42,17 28,49 49,-16 14,-34 -13,26 55,-12 -17,46 -19,4 6,52 -21,-39 -21,-29 41,51 44,-9 -8,42 50,-2
63,-43 204
200
40,-60 16,-53 15,-48 60,-59 51,-56 69,-26 36,-33 80,3 81,-73 26,-34 -1,-63 2,-45 7,5 22,-75 15,-82 25,-23 53,-24 11,-44 33,8 85,-51 10,-27 26,-19 30,-37 31,14 62,-47 40,-63 3,-23 46,-72 50,-20 20,-13 13,-63 18,-31 12,-51 81,-71 14,-62 18,-22 82,6 57,-25 90,-12 6,-22 33,-29 23,6 73,3 8,-33 41,-80 3,-29 33,15 41,14 6,-53 59,-35 95,-6 24,-25 29,-16 7,-17 53,-75 93,-26 28,0 70,-59 50,-33 0,-80 73,-63 28,-43 75,-68 72,-26 66,-53 8,-80 42,-68 75,-38 -1,-78 -1,-70 64,-46 50,-4 64,-70 47,-70 9,-34 76,-44 86,-56 23,-48 21,-73 47,-48 30,-20 2,-63 32,-8 39,7 9,-4 15,-55 24,-12 49,-83 44,-6 83,-75 56,4 90,14 30,-77 93,-43 94,-55 46,-33 32,-23 91,-31 64,-80 -1,-82 56,-63 48,-54 85,-3 82,15 25,-61 12,0 1,-22 2,4 60,-43 22,-9 59,-61 48,-58 50,-64 45,-3 16,-37 9,-60 4,-78 35,-66 42,-50 13,-21 40,-79 0,-52 28,-40 51,-33 79,-56 92,-73 12,-50 49,-73 64,-75 15,0 25,0 55,14 20,-44 6,15 64,-79 37,-36 64,-20 71,-71 2,-44 71,-6 71,-30 95,-78 66,-7 18,-10 55,-12 63,-65 26,-75 39,10 18,-12 34,-13 72,-46 47,3 89,-59 39,-49 18,3 33,-20 79,-57 92,-50 85,-79 5,-53 65,8 82,-72 60,-29 68,-7 12,-48 1,-14 32,-3 4,-57 74,-66 49,-81 15,-56 41,-39 46,-5 14,-44 75,-41 86,-35 76,14 57,-83 7,-7 74,-28 0,-24 7,-84 86,13 7,-42 57,-43 87,-79 83,-18 77,-56 70,-71 73,-18 52,-17 97,-21 43,8 69,-27 43,-36 3,-28 10,15 13,-40 80,-31 72,15
24,-40 112
200
57,-12 38,48 -12,28 2,-4 6,48 28,-4 -8,-20 1,36 57,17 31,4 2,-47 -15,0 -19,-5 52,18 27,45 34,-25 9,-37 36,-42 -18,-10 10,0 -14,-44 -12,6 13,-16 65,39 24,46 31,-13 56,30 69,19 12,-11 -11,44 -10,9 35,41 -15,-47 29,-45 11,26 12,45 71,10 -12,-31 20,-43 -12,-14 -5,-32 58,-18 31,-23 23,-27 -13,9 50,-7 22,43 -18,-28 -3,38 70,36 -6,-48 54,-15 -13,40 59,-10 49,-42 -23,-49 64,38 20,39 -19,28 47,2 34,-48 10,-45 -20,-5 46,-38 23,13 52,15 57,-15 25,32 63,-30 14,-18 -7,18 23,-7 12,47 67,-27 28,50 -13,-21 69,-2 -2,43 56,-5 75,-14 50,28 42,44 49,43 63,-14 72,-17 75,18 3,-41 13,-18 -19,-42 -7,-24 66,38 29,-17 75,-39 -8,-32 28,-18 69,38 74,37 63,32 -11,19 -23,45 72,12 63,-26 68,-49 70,31 20,-49 30,-7 67,-45 40,12 14,21 42,41 51,50 73,-32 -17,39 40,27 -5,-38 54,9 -16,8 49,15 -11,-15 13,42 -22,0 73,-6 43,-41 55,-15 71,-15 56,48 -1,44 42,32 61,-9 47,48 14,-12 -15,-7 -22,9 14,-10 18,-40 28,-27 72,-43 65,-36 42,34 42,-25 -6,-11 25,-28 -2,-16 52,-10 67,4 32,44 57,36 33,-12 25,12 -6,13 5,29 3,-29 62,-43 -5,-30 -14,48 55,35 47,-3 27,26 -10,-12 54,40 71,-13 74,11 -22,-23 61,10 1,-13 68,25 13,10 66,11 16,-6 53,30 63,-15 29,-12 35,25 -9,16 -23,20 70,-44 -4,26 21,13 66,50 65,-46 36,-49 10,-18 -17,17 37,48 73,31 -12,-47 71,-26 76,-30 -13,0 -19,-15 49,-35 -10,21 15,-20 62,44 38,-19 44,-45 -4,31 7,-14 63,-39 -10,-21
40,-39 175
200
-14,-66 -13,-42 12,12 44,-73 -5,-9 15,-54 13,-51 30,-23 20,1 -22,-27 -9,-17 15,-5 59,-67 38,-10 -17,-65 -29,-30 38,-65 38,9 53,-42 13,-82 -21,-40 1,-53 -26,-33 -19,-58 12,-1 31,-57 21,-12 -28,-14 -27,-49 56,-24 7,-12 -5,14 -26,-46 59,-5 16,-9 -19,-14 50,10 7,-62 45,-26 53,-6 -4,-58 17,-7 48,-36 9,2 -23,5 -32,-25 24,17 4,3 19,-43 -26,-15 -38,-23 14,-54 0,9 -34,-48 -10,-49 43,-48 53,7 -27,-50 5,1 -3,-63 31,2 28,-27 12,-21 58,-16 7,-41 -29,-14 11,-62 26,-37 -30,-25 -16,0 -31,-71 -4,-53 -20,-75 -24,-1 -2,-5 35,-9 7,1 -24,-59 -35,-29 -19,-21 36,-17 19,-81 4,-5 -6,-6 -9,-40 3,-1 -35,-16 15,-9 59,-38 60,-20 50,-20 -15,13 1,-80 -23,-78 -25,-33 -18,0 52,6 31,-35 8,-3 9,-18 -11,-30 47,3 27,-25 40,-42 9,-70 16,-71 36,12 37,-24 -18,-68 -25,-62 -38,-74 31,-8 -25,-52 3,-36 61,-65 -31,-68 55,-56 -5,-20 -14,8 54,16 -38,-80 16,-24 61,-76 59,-62 19,-69 38,-5 49,-60 40,-54 -31,-8 -18,-50 -32,-32 -33,-45 50,-69 4,8 -25,-41 22,-32 -34,-9 47,-51 8,-52 60,-80 55,-76 -22,-70 -14,-61 -15,-34 21,-47 48,-49 -37,-8 46,-55 13,-13 -15,-70 -22,-63 14,-51 -14,-32 -8,-19 7,-28 18,-43 -21,-46 59,-47 21,-24 -18,-45 58,-11 -11,-41 4,-52 -34,-57 -20,-64 -30,9 55,-41 50,-65 54,-57 -35,-78 -32,-40 29,6 11,-76 -26,-6 49,-11 15,-68 33,-47 -18,-33 4,6 -32,4 51,-18 30,-10 -20,-49 57,4 29,-73 27,-64 17,-52 -35,-5 -38,-65 50,-53 45,3 -10,6 20,-38 56,-41 -10,-10 39,-48 5,-55 -17,-31 50,9 11,-7
50,-37 89
200
34,1 36,-6 -10,-36 -11,-48 47,-6 29,32 24,-49 -17,1 14,36 13,16 67,42 -3,0 -3,26 -3,-39 46,7 57,47 23,-9 10,2 38,13 -22,13 -23,23 7,-42 -11,8 -17,-49 16,25 -5,17 64,-27 41,-11 68,49 56,10 49,1 69,10 70,26 36,6 -1,-22 -9,-17 -17,-31 42,32 37,-44 -3,-21 50,-6 43,40 13,20 54,0 12,8 -23,17 55,48 4,-45 -7,-43 26,-48 -5,43 -3,3 55,-24 -16,-41 73,45 39,35 71,-32 73,-19 -25,-18 -10,0 -21,15 18,49 40,-2 67,31 -23,-40 8,30 -21,8 46,-11 50,24 -7,-18 41,-4 5,13 0,-15 14,-22 40,-33 -18,37 47,-28 54,-16 66,30 -12,36 59,-38 39,7 19,26 -5,-44 39,-8 -12,-31 61,-49 65,-47 34,34 71,-38 56,3 8,42 71,14 63,-12 -5,32 -17,-11 -12,-43 -20,-39 69,-48 -9,26 0,-41 1,14 53,-37 53,11 7,42 62,46 -3,-27 -13,-2 21,-47 17,-17 68,-7 36,-44 17,-42 19,-50 -20,29 25,-41 -7,35 66,-38 -4,40 54,35 71,-4 -19,-32 9,28 8,-13 31,10 71,-47 70,40 48,-7 50,-18 49,29 -15,-42 31,6 31,36 -24,36 72,3 57,-40 32,5 58,-17 53,13 58,33 54,34 47,22 59,5 25,26 -16,-44 61,-45 25,-7 4,30 -5,-45 29,-15 3,34 8,-49 51,12 11,-25 0,15 1,-26 53,3 60,12 58,41 11,-46 71,-11 -15,-36 12,11 -2,12 18,-17 31,44 25,22 28,36 24,1 37,33 43,-49 61,37 -1,-25 -7,8 12,-50 59,32 31,-32 11,27 -25,31 65,17 25,-39 -18,49 22,-29 39,0 10,28 -13,-10 8,47 58,-49 -17,39 -22,27 11,-48 22,-42 -13,-17 46,2 8,12 16,-15 73,5 -23,2 -22,16 28,41
